5573
2377
5651
3433
6679
2243
2351
3001
6247
1811
2221
3
2213
971
5407
2161
6577
2141
3331
5171
2953
2083
2081
2017
2003
3079
5297
1997
3061
5279
1979
1913
5261
6337
1901
5107
1861
4079
1831
4049
1787
1777
1753
1693
3911
1747
1733
2857
5021
2803
1667
2749
4967
2791
5009
1709
4943
1721
2719
4937
5641
5647
1319
5657
5669
6599
7681
6091
6571
5147
6229
6689
1279
197
7499
5281
6823
5741
4513
6569
2063
5309
7879
5099
6949
5867
4373
7457
7039
2137
7547
6277
2069
6397
1229
7883
4637
7207
4673
1427
7919
5701
1373
7243
2153
5399
3181
6481
6719
4643
4649
7219
727
6203
6619
5857
4597
269
6653
5903
6211
6563
71
4507
7789
1297
3461
4933
7151
4987
659
1741
2309
3391
6637
7109
7699
5303
6997
7309
7823
7229
5011
3929
4243
7489
997
6299
5791
7691
5393
6421
4793
5821
1493
6101
4831
6373
4493
5521
1193
7577
6053
5503
7559
5807
7349
857
6079
6553
61
3307
5471
3253
7127
4909
6451
6197
787
7549
6607
4799
5881
1553
5827
1499
4297
1051
5839
1511
2593
6353
7433
941
6899
4919
5711
5981
7523
1031
2113
7649
5431
7487
4241
1889
6217
6551
5501
5441
31
6983
5387
3169
6469
2099
6427
6173
7417
6389
5351
6379
2087
5333
6361
5683
7901
7793
4547
2383
1301
5737
1409
6359
7853
5689
7907
5851
1523
6323
4159
6977
4759
3109
2027
5273
6301
4397
2179
4339
1093
3257
1039
11
4447
7703
1049
1021
4133
7621
967
1291
263
6917
937
7591
4021
7561
907
7537
883
7717
1063
5417
7
6661
1367
1009
7369
6287
877
3041
823
7477
1951
5197
761
2903
5987
3769
3931
6143
733
2897
7333
137
6791
421
6911
257
2131
4349
1103
7757
1933
5179
743
5639
229
2447
6883
2393
6829
5477
3259
4001
1783
173
6827
2011
4229
929
7583
4013
157
4621
7867
1213
983
5419
3821
1657
4903
7121
467
2441
223
277
7873
7193
3947
701
1033
3251
7687
6473
809
4817
1571
6007
6529
37
6691
1871
6199
4657
2389
1307
5743
7451
5233
797
769
1283
4603
167
1987
5
4441
6659
1087
7741
1559
17
4129
1879
3517
271
3469
5693
283
3529
3989
6047
1583
569
7459
3023
1481
4051
6269
1597
3761
1543
7639
3203
281
3527
1201
383
251
4363
6581
947
2029
4019
1801
773
5209
23
4957
521
2687
6959
1549
3767
1613
719
13
8011
211
3457
6449
4231
367
3613
113
4549
3359
3467
1249
1303
647
1019
7673
3967
6131
7159
151
1423
6833
179
2689
1607
6043
41
1123
5749
1181
239
4567
131
1163
7817
5653
1217
4111
6329
4463
433
2467
4091
1873
7283
5119
683
1759
3923
5167
839
631
3877
6029
619
2837
673
3919
1627
7253
599
2281
5527
1091
4337
3803
2207
43
541
491
653
7307
2357
139
6793
3547
463
3709
5927
5413
977
2729
7057
2621
457
503
1531
5443
953
7607
431
3677
1459
3623
2269
2053
4271
1187
5623
7841
1637
6073
419
1447
409
397
3373
5591
4157
443
1471
389
7043
677
7331
5113
1867
2543
379
6871
563
4999
887
5323
7541
127
6781
1993
4211
613
3643
5861
3697
911
5347
359
7013
2663
499
607
3853
461
4789
353
1381
349
6841
7517
863
509
3593
1429
1117
7529
4283
4481
7727
5563
1237
3557
311
6857
4639
7669
4423
2777
7213
53
3299
4679
4523
1277
1723
5077
641
73
5483
3319
1489
5087
233
5059
1069
7723
6803
149
7001
347
4783
3917
1699
617
3863
7643
1151
5479
2311
5557
1669
3833
5569
103
101
5437
1109
4409
4517
4583
7829
67
523
7177
2741
577
3823
5581
3719
4973
3347
1129
2473
4691
4177
5003
821
4951
1567
4813
6869
4651
1433
5869
4787
4871
2707
5953
2
3329
4259
6991
337
4391
59
2683
4561
6779
3533
4723
97
5507
3343
4289
4261
3313
5531
4733
479
4591
4483
47
6701
6673
2237
19
1601
6037
2477
3559
4073
827
7481
449
7103
191
5101
313
6967
2531
1609
4801
7019
4969
7187
587
5023
7079
4861
3779
83
4519
6737
1327
3491
1013
5449
2143
1061
3583
5801
3637
557
7211
4993
7247
593
1621
107
6761
3701
1483
401
4663
227
109
6763
2267
6703
6947
4729
293
7877
5659
1223
547
2711
3539
1321
3793
6011
3847
2549
331
3631
5849
4253
2089
2551
2617
7069
2633
5879
2957
7393
739
2647
601
2819
2671
4889
2557
4721
2503
3889
3943
643
2861
7297
3727
2731
2789
571
2797
709
2927
2251
7129
2693
5939
2801
7237
4451
2287
2579
6907
3607
2833
5051
2887
2843
6089
2851
1823
6151
3371
1153
2347
3907
661
2879
2203
4421
6163
5081
2917
2677
1487
5923
3191
4273
6491
4327
3209
991
439
2657
3739
2273
6709
3463
5519
3301
3389
1171
89
2767
4931
2713
1847
3511
6961
307
5717
3499
3581
1363
1877
3673
2699
2591
7027
373
5783
4877
2659
3691
2609
2753
2239
4457
2293
3659
3019
5237
7759
3323
6271
5189
2971
3187
1663
3881
1231
3449
5153
1907
6343
4007
1789
3797
1579
2417
199
3851
3089
3011
6257
6311
4093
3571
2963
29
6521
4357
7603
3167
1949
2339
3119
4201
4219
7573
3137
919
3083
1973
3271
99991
181
2399
6863
1453
3671
2939
3229
3407
5231
3067
3121
2039
6367
1931
2909
691
2129
3361
2333
2969
751
4703
2539
6547
2111
3221
3049
6133
1697
3037
2999
4217
1999
3541
2459
241
6733
2297
79
3217
5381
3163
2437
2423
193
2411
2381
163
1097
7589
4751
7321
829
5779
1451
5039
6121
6067
5813
5227
6263
7507
853
4139
4127
881
811
4057
859
7351
4027
6221
4003
7411
757
5897
3733
487
1619
6113
1439
2521
7753
3617
1399
6971
317
1289
2371
1259
2341
3413
4099
6317
4153
5843
